"type": "FeatureCollection",
  "features": [
    {
      "type": "Feature",
      "properties": {},
      "geometry": {
        "type": "LineString",
        "coordinates": [
          [
            -84.3104338645935,
            35.93100396284354
          ],
          [
            -84.31077718734741,
            35.93142095686926
          ],
          [
            -84.31086301803589,
            35.93171632630676
          ],
          [
            -84.31097030639648,
            35.93180319946071
          ],
          [
            -84.3109917640686,
            35.93195957089726
          ],
          [
            -84.31079864501953,
            35.93201169464074
          ],
          [
            -84.31066989898682,
            35.93194219630849
          ],
          [
            -84.3105626106262,
            35.93189007251922
          ],
          [
            -84.30878162384033,
            35.93230706187119
          ],
          [
            -84.30736541748047,
            35.93270667460297
          ],
          [
            -84.3051552772522,
            35.93350589400669
          ],
          [
            -84.30380344390869,
            35.93421823492584
          ],
          [
            -84.30137872695921,
            35.935538654774426
          ],
          [
            -84.29863214492798,
            35.937015414002865
          ],
          [
            -84.29702281951904,
            35.93783196314264
          ],
          [
            -84.29230213165283,
            35.941080702766484
          ],
          [
            -84.28964138031006,
            35.942783197475315
          ],
          [
            -84.28584337234497,
            35.94528475581323
          ],
          [
            -84.27927732467651,
            35.94961018024711
          ],
          [
            -84.27535057067871,
            35.951903080296205
          ],
          [
            -84.27352666854858,
            35.95298002553207
          ],
          [
            -84.27047967910767,
            35.954873329142714
          ],
          [
            -84.26889181137085,
            35.955915495252114
          ],
          [
            -84.26644563674927,
            35.957496087609805
          ],
          [
            -84.26483631134033,
            35.95852085036893
          ],
          [
            -84.2620038986206,
            35.96034454781638
          ],
          [
            -84.25835609436035,
            35.962498193427706
          ],
          [
            -84.25316333770752,
            35.965659083040734
          ],
          [
            -84.24962282180786,
            35.96779521700724
          ],
          [
            -84.24610376358032,
            35.969948659417554
          ],
          [
            -84.24436569213867,
            35.97132057999947
          ],
          [
            -84.24307823181152,
            35.97218887184538
          ],
          [
            -84.24179077148438,
            35.973039788588565
          ],
          [
            -84.24101829528809,
            35.973491291707205
          ],
          [
            -84.23900127410889,
            35.97462003820546
          ],
          [
            -84.23737049102783,
            35.975540388788865
          ],
          [
            -84.23601865768433,
            35.97626971559191
          ],
          [
            -84.23460245132445,
            35.97699903565592
          ],
          [
            -84.2333149909973,
            35.97772834898076
          ],
          [
            -84.2316198348999,
            35.97863129899828
          ],
          [
            -84.22870159149169,
            35.98019407269283
          ],
          [
            -84.22640562057494,
            35.98139217823463
          ],
          [
            -84.22453880310059,
            35.982399267372536
          ],
          [
            -84.22196388244629,
            35.983770971557576
          ],
          [
            -84.2201828956604,
            35.98491693398726
          ],
          [
            -84.21893835067749,
            35.98566353691944
          ],
          [
            -84.2178440093994,
            35.986410132787064
          ],
          [
            -84.21720027923583,
            35.986844196904315
          ],
          [
            -84.21582698822021,
            35.987208808917345
          ],
          [
            -84.21383142471313,
            35.98762550629756
          ],
          [
            -84.21252250671387,
            35.98759078159993
          ],
          [
            -84.21134233474731,
            35.98759078159993
          ],
          [
            -84.21056985855103,
            35.98783385416237
          ],
          [
            -84.20938968658447,
            35.9884588944556
          ],
          [
            -84.2073082923889,
            35.9897089601865
          ],
          [
            -84.20557022094727,
            35.99076802815339
          ],
          [
            -84.20372486114502,
            35.99142776822423
          ],
          [
            -84.20202970504761,
            35.992000695914726
          ],
          [
            -84.20054912567139,
            35.99227847753955
          ],
          [
            -84.19893980026245,
            35.992347922792895
          ],
          [
            -84.19737339019775,
            35.9921395868494
          ],
          [
            -84.19378995895386,
            35.99132359910619
          ],
          [
            -84.1917085647583,
            35.99092428287934
          ],
          [
            -84.19089317321776,
            35.99057704973473
          ],
          [
            -84.19005632400513,
            35.99010828256508
          ],
          [
            -84.18872594833374,
            35.98870196434345
          ],
          [
            -84.1868805885315,
            35.98651430839298
          ],
          [
            -84.18361902236938,
            35.982624992485064
          ],
          [
            -84.18203115463257,
            35.98076708196048
          ],
          [
            -84.18145179748535,
            35.98024616461636
          ],
          [
            -84.17984247207642,
            35.97927377637424
          ],
          [
            -84.17898416519165,
            35.97859657034248
          ],
          [
            -84.17849063873291,
            35.97802354531536
          ],
          [
            -84.17827606201172,
            35.97696430628188
          ],
          [
            -84.1783618927002,
            35.975592483784
          ],
          [
            -84.17831897735596,
            35.97468949900124
          ],
          [
            -84.17816877365112,
            35.973769138496614
          ],
          [
            -84.17726755142212,
            35.971060090583386
          ],
          [
            -84.17647361755371,
            35.96859408152867
          ],
          [
            -84.17572259902954,
            35.96717001304784
          ],
          [
            -84.17441368103027,
            35.96553751270294
          ],
          [
            -84.17306184768677,
            35.964356533966765
          ],
          [
            -84.17095899581909,
            35.962463457674154
          ],
          [
            -84.16808366775513,
            35.959840864159155
          ],
          [
            -84.16516542434692,
            35.95721818355288
          ],
          [
            -84.16093826293944,
            35.95339690361731
          ],
          [
            -84.15915727615356,
            35.95178148878271
          ],
          [
            -84.15808439254761,
            35.95079137949213
          ],
          [
            -84.15714025497437,
            35.94961018024711
          ],
          [
            -84.1559386253357,
            35.94729984243961
          ],
          [
            -84.15480136871338,
            35.9451110390429
          ],
          [
            -84.15394306182861,
            35.94363443107607
          ],
          [
            -84.15319204330444,
            35.94253998619097
          ],
          [
            -84.15248394012451,
            35.94168874080135
          ],
          [
            -84.1513466835022,
            35.94061164165755
          ],
          [
            -84.15020942687988,
            35.93967351108797
          ],
          [
            -84.14297819137573,
            35.933453771248395
          ],
          [
            -84.13806438446045,
            35.92931858958172
          ],
          [
            -84.12984609603882,
            35.922177073347875
          ],
          [
            -84.12424564361572,
            35.91753734860842
          ],
          [
            -84.1208553314209,
            35.91465258852865
          ],
          [
            -84.11950349807738,
            35.91369677132435
          ],
          [
            -84.11840915679932,
            35.913262305141146
          ],
          [
            -84.11714315414429,
            35.91298424553172
          ],
          [
            -84.11452531814575,
            35.91317541161819
          ],
          [
            -84.11016941070557,
            35.91395744988898
          ],
          [
            -84.1023588180542,
            35.91564315053622
          ],
          [
            -84.09506320953369,
            35.91727668184046
          ],
          [
            -84.08639430999756,
            35.91917084079574
          ],
          [
            -84.08008575439453,
            35.920578397430106
          ],
          [
            -84.07182455062865,
            35.92236821721866
          ],
          [
            -84.0637993812561,
            35.92412324389198
          ],
          [
            -84.05364990234375,
            35.92639950759733
          ],
          [
            -84.04219150543213,
            35.92888420920678
          ],
          [
            -84.02360916137695,
            35.93300203923689
          ],
          [
            -84.01689291000366,
            35.93460046399232
          ],
          [
            -84.01466131210327,
            35.935469159542784
          ],
          [
            -84.00927543640137,
            35.93823154794556
          ],
          [
            -84.0010142326355,
            35.94259210295776
          ],
          [
            -83.99940490722656,
            35.94361705905344
          ],
          [
            -83.99633646011353,
            35.94599699057879
          ],
          [
            -83.99427652359009,
            35.94714350135056
          ],
          [
            -83.99174451828003,
            35.94820314045253
          ],
          [
            -83.9868950843811,
            35.949783887125996
          ],
          [
            -83.98350477218628,
            35.95082612037905
          ],
          [
            -83.97886991500854,
            35.95304950536571
          ],
          [
            -83.973548412323,
            35.95570706313024
          ],
          [
            -83.969407081604,
            35.95787820409149
          ],
          [
            -83.96708965301514,
            35.95883348720779
          ],
          [
            -83.96520137786865,
            35.959180860021796
          ],
          [
            -83.96279811859131,
            35.959285071568054
          ],
          [
            -83.96045923233032,
            35.95942402008252
          ],
          [
            -83.95816326141357,
            35.95994507483455
          ],
          [
            -83.9558458328247,
            35.961004542228956
          ],
          [
            -83.95121097564697,
            35.963279743842804
          ],
          [
            -83.9501166343689,
            35.963939713725125
          ],
          [
            -83.9491081237793,
            35.9642523291126
          ],
          [
            -83.94784212112427,
            35.964026551456904
          ],
          [
            -83.94719839096068,
            35.96364446472276
          ],
          [
            -83.9464259147644,
            35.962463457674154
          ],
          [
            -83.94653320312499,
            35.960813491782005
          ],
          [
            -83.94657611846924,
            35.95860769405941
          ],
          [
            -83.94610404968262,
            35.95718344547702
          ],
          [
            -83.94528865814209,
            35.955915495252114
          ],
          [
            -83.94408702850342,
            35.954578046245224
          ],
          [
            -83.94256353378296,
            35.952649995487704
          ],
          [
            -83.93685579299927,
            35.954838590035585
          ],
          [
            -83.93192052841187,
            35.9567318491005
          ],
          [
            -83.92983913421631,
            35.95746134965615
          ]
        ]
      }
    }
  ]